>> A=rand(5,3);
>> A=A'*A

A =

    2.0452    1.4568    1.7605
    1.4568    1.3446    1.1639
    1.7605    1.1639    1.8898

>> [X Y iter positivity_fail]=inverse_cov(A,1,1,1);
>> X

X =

    0.4890    0.0000    0.0000
    0.0000    0.7437    0.0000
    0.0000    0.0000    0.5291